0	29	2
1	30	1.992015979
2	31	1.98406383
3	35	1.976143426
4	59	1.96825464
5	91	1.960397347
6	186	1.95257142
7	210	1.944776734
8	234	1.937013164
9	344	1.929280587
10	437	1.921578878
11	451	1.913907915
12	470	1.906267574
13	528	1.898657734
14	560	1.891078272
15	574	1.883529067
16	576	1.876009999
17	652	1.868520947
18	660	1.861061792
19	711	1.853632413
20	730	1.846232693
21	758	1.838862512
22	779	1.831521753
23	792	1.824210299
24	798	1.816928032
25	818	1.809674836
26	822	1.802450595
27	915	1.795255193
28	980	1.788088515
29	1029	1.780950447
30	1080	1.773840873
31	1082	1.766759682
32	1113	1.759706758
33	1144	1.75268199
34	1194	1.745685265
35	1207	1.738716471
36	1231	1.731775496
37	1241	1.72486223
38	1333	1.717976561
39	1451	1.711118381
40	1488	1.704287578
41	1515	1.697484044
42	1618	1.690707669
43	1621	1.683958346
44	1623	1.677235967
45	1678	1.670540423
46	1688	1.663871608
47	1721	1.657229414
48	1812	1.650613737
49	1820	1.644024469
50	1860	1.637461506
51	1964	1.630924742
52	2127	1.624414073
53	2204	1.617929395
54	2221	1.611470604
55	2225	1.605037596
56	2250	1.598630269
57	2270	1.59224852
58	2286	1.585892247
59	2309	1.579561348
60	2311	1.573255722
61	2352	1.566975269
62	2364	1.560719887
63	2407	1.554489476
64	2407	1.548283938
65	2548	1.542103172
66	2611	1.535947079
67	2675	1.529815562
68	2701	1.523708522
69	2764	1.517625862
70	2825	1.511567483
71	2916	1.505533289
72	2931	1.499523184
73	3062	1.493537072
74	3101	1.487574856
75	3140	1.481636441
76	3142	1.475721733
77	3188	1.469830636
78	3255	1.463963056
79	3296	1.4581189
80	3309	1.452298074
81	3352	1.446500485
82	3378	1.440726039
83	3418	1.434974646
84	3683	1.429246212
85	3910	1.423540646
86	3950	1.417857856
87	4075	1.412197752
88	4082	1.406560244
89	4136	1.40094524
90	4146	1.395352652
91	4197	1.389782389
92	4250	1.384234363
93	4328	1.378708485
94	4396	1.373204666
95	4573	1.367722818
96	4594	1.362262854
97	4598	1.356824687
98	4599	1.351408228
99	4901	1.346013392
100	4903	1.340640092
101	4903	1.335288243
102	4950	1.329957758
103	4966	1.324648552
104	5002	1.319360541
105	5011	1.31409364
106	5035	1.308847764
107	5141	1.30362283
108	5168	1.298418753
109	5170	1.293235452
110	5188	1.288072842
111	5200	1.282930842
112	5211	1.277809368
113	5285	1.272708339
114	5287	1.267627674
115	5359	1.262567291
116	5368	1.257527109
117	5374	1.252507047
118	5380	1.247507026
119	5391	1.242526964
120	5414	1.237566784
121	5422	1.232626404
122	5462	1.227705746
123	5509	1.222804732
124	5532	1.217923282
125	5557	1.213061319
126	5681	1.208218766
127	5749	1.203395544
128	5751	1.198591576
129	5769	1.193806785
130	5806	1.189041096
131	5851	1.184294431
132	5853	1.179566715
133	5856	1.174857872
134	5883	1.170167827
135	5894	1.165496505
136	5987	1.16084383
137	6069	1.156209729
138	6099	1.151594128
139	6152	1.146996952
140	6238	1.142418128
141	6300	1.137857582
142	6341	1.133315243
143	6346	1.128791036
144	6362	1.12428489
145	6389	1.119796733
146	6499	1.115326493
147	6620	1.110874097
148	6779	1.106439476
149	6843	1.102022558
150	6851	1.097623272
151	6871	1.093241548
152	6894	1.088877316
153	6937	1.084530507
154	7073	1.080201049
155	7086	1.075888875
156	7092	1.071593915
157	7092	1.067316101
158	7124	1.063055364
159	7192	1.058811635
160	7212	1.054584848
161	7268	1.050374934
162	7327	1.046181826
163	7411	1.042005457
164	7508	1.03784576
165	7631	1.033702669
166	7705	1.029576117
167	7724	1.025466038
168	7729	1.021372367
169	7731	1.017295037
170	7864	1.013233985
171	7868	1.009189144
172	7927	1.00516045
173	7982	1.001147839
174	7998	0.997151246
175	8037	0.993170608
176	8125	0.98920586
177	8208	0.98525694
178	8278	0.981323783
179	8311	0.977406328
180	8346	0.973504512
181	8379	0.969618272
182	8388	0.965747545
183	8445	0.961892271
184	8446	0.958052386
185	8456	0.954227831
186	8493	0.950418543
187	8550	0.946624462
188	8597	0.942845527
189	8601	0.939081678
190	8607	0.935332854
191	8627	0.931598995
192	8627	0.927880042
193	8637	0.924175935
194	8690	0.920486615
195	8696	0.916812023
196	8717	0.913152099
197	8797	0.909506786
198	8802	0.905876026
199	8862	0.902259759
200	8917	0.898657928
201	8919	0.895070476
202	9006	0.891497345
203	9008	0.887938478
204	9038	0.884393819
205	9169	0.880863309
206	9212	0.877346893
207	9254	0.873844515
208	9261	0.870356119
209	9323	0.866881648
210	9385	0.863421047
211	9426	0.859974261
212	9450	0.856541234
213	9462	0.853121913
214	9483	0.849716241
215	9510	0.846324165
216	9571	0.84294563
217	9739	0.839580582
218	9777	0.836228967
219	9838	0.832890732
220	9848	0.829565823
221	9874	0.826254188
222	9884	0.822955772
223	9982	0.819670524
224	10002	0.816398391
225	10051	0.813139319
226	10066	0.809893259
227	10082	0.806660156
228	10217	0.80343996
229	10222	0.800232619
230	10230	0.797038082
231	10290	0.793856298
232	10334	0.790687215
233	10359	0.787530783
234	10432	0.784386952
235	10450	0.781255671
236	10485	0.77813689
237	10511	0.775030559
238	10524	0.771936629
239	10581	0.76885505
240	10629	0.765785772
241	10674	0.762728747
242	10818	0.759683926
243	10840	0.756651259
244	10919	0.753630699
245	10921	0.750622198
246	10998	0.747625706
247	11034	0.744641176
248	11040	0.741668561
249	11056	0.738707812
250	11062	0.735758882
251	11176	0.732821725
252	11189	0.729896293
253	11253	0.726982539
254	11276	0.724080417
255	11289	0.72118988
256	11325	0.718310883
257	11364	0.715443378
258	11390	0.71258732
259	11434	0.709742664
260	11482	0.706909364
261	11503	0.704087374
262	11614	0.70127665
263	11628	0.698477146
264	11674	0.695688818
265	11708	0.692911621
266	11777	0.69014551
267	11849	0.687390442
268	11915	0.684646372
269	11970	0.681913256
270	12037	0.679191051
271	12060	0.676479713
272	12068	0.673779199
273	12105	0.671089465
274	12138	0.668410469
275	12271	0.665742167
276	12483	0.663084518
277	12678	0.660437477
278	12749	0.657801004
279	12797	0.655175055
280	12899	0.652559589
281	12976	0.649954564
282	12989	0.647359939
283	13004	0.644775671
284	13036	0.64220172
285	13045	0.639638044
286	13046	0.637084602
287	13071	0.634541353
288	13076	0.632008257
289	13089	0.629485274
290	13182	0.626972362
291	13189	0.624469481
292	13410	0.621976593
293	13453	0.619493655
294	13482	0.61702063
295	13490	0.614557477
296	13526	0.612104157
297	13556	0.609660631
298	13610	0.607226859
299	13624	0.604802803
300	13630	0.602388424
301	13640	0.599983683
302	13708	0.597588542
303	13714	0.595202962
304	13803	0.592826905
305	13836	0.590460334
306	13869	0.58810321
307	13876	0.585755496
308	13897	0.583417153
309	14039	0.581088146
310	14117	0.578768436
311	14161	0.576457986
312	14175	0.57415676
313	14215	0.57186472
314	14218	0.56958183
315	14239	0.567308053
316	14262	0.565043353
317	14267	0.562787694
318	14288	0.56054104
319	14306	0.558303354
320	14403	0.556074601
321	14578	0.553854745
322	14584	0.551643751
323	14591	0.549441583
324	14627	0.547248207
325	14628	0.545063586
326	14632	0.542887686
327	14643	0.540720473
328	14781	0.538561911
329	14797	0.536411966
330	14815	0.534270604
331	14856	0.53213779
332	14883	0.53001349
333	14982	0.527897671
334	15220	0.525790298
335	15326	0.523691337
336	15341	0.521600756
337	15364	0.51951852
338	15381	0.517444597
339	15531	0.515378952
340	15549	0.513321554
341	15550	0.511272369
342	15669	0.509231364
343	15740	0.507198507
344	15754	0.505173765
345	15784	0.503157106
346	15805	0.501148498
347	15834	0.499147907
348	15872	0.497155304
349	16007	0.495170654
350	16089	0.493193928
351	16096	0.491225092
352	16107	0.489264117
353	16186	0.487310969
354	16297	0.485365619
355	16367	0.483428034
356	16398	0.481498184
357	16431	0.479576038
358	16457	0.477661565
359	16486	0.475754735
360	16497	0.473855517
361	16502	0.471963881
362	16558	0.470079796
363	16578	0.468203233
364	16653	0.46633416
365	16692	0.464472549
366	16735	0.46261837
367	16778	0.460771593
368	16797	0.458932188
369	16829	0.457100125
370	16888	0.455275377
371	17021	0.453457913
372	17026	0.451647704
373	17034	0.449844721
374	17061	0.448048936
375	17093	0.44626032
376	17215	0.444478844
377	17263	0.44270448
378	17268	0.440937199
379	17299	0.439176973
380	17330	0.437423774
381	17337	0.435677574
382	17475	0.433938344
383	17525	0.432206058
384	17525	0.430480686
385	17579	0.428762203
386	17583	0.42705058
387	17644	0.425345789
388	17702	0.423647804
389	17704	0.421956598
390	17707	0.420272142
391	17758	0.418594412
392	17789	0.416923378
393	17807	0.415259016
394	17916	0.413601297
395	17998	0.411950196
396	17998	0.410305687
397	18148	0.408667742
398	18237	0.407036336
399	18300	0.405411443
400	18461	0.403793036
401	18471	0.40218109
402	18471	0.400575579
403	18555	0.398976477
404	18586	0.397383758
405	18616	0.395797398
406	18655	0.394217371
407	18730	0.392643651
408	18736	0.391076213
409	18796	0.389515033
410	18826	0.387960085
411	18870	0.386411344
412	19006	0.384868786
413	19034	0.383332385
414	19057	0.381802118
415	19078	0.38027796
416	19082	0.378759887
417	19093	0.377247873
418	19125	0.375741896
419	19148	0.37424193
420	19236	0.372747952
421	19284	0.371259938
422	19298	0.369777865
423	19313	0.368301707
424	19339	0.366831443
425	19415	0.365367048
426	19424	0.363908499
427	19488	0.362455772
428	19551	0.361008845
429	19580	0.359567694
430	19587	0.358132296
431	19590	0.356702628
432	19631	0.355278667
433	19645	0.353860391
434	19690	0.352447777
435	19749	0.351040801
436	19824	0.349639443
437	19945	0.348243678
438	19972	0.346853486
439	20002	0.345468843
440	20296	0.344089728
441	20298	0.342716118
442	20311	0.341347991
443	20352	0.339985327
444	20364	0.338628102
445	20371	0.337276295
446	20379	0.335929884
447	20492	0.334588848
448	20522	0.333253166
449	20545	0.331922816
450	20579	0.330597776
451	20587	0.329278027
452	20662	0.327963545
453	20765	0.326654311
454	20790	0.325350304
455	20795	0.324051502
456	20798	0.322757885
457	20842	0.321469432
458	20846	0.320186123
459	20882	0.318907936
460	20931	0.317634852
461	20963	0.31636685
462	21016	0.315103911
463	21141	0.313846012
464	21149	0.312593136
465	21249	0.311345261
466	21290	0.310102367
467	21350	0.308864435
468	21365	0.307631445
469	21394	0.306403377
470	21400	0.305180212
471	21426	0.303961929
472	21478	0.30274851
473	21510	0.301539934
474	21572	0.300336184
475	21574	0.299137238
476	21697	0.297943079
477	21700	0.296753687
478	21773	0.295569044
479	21824	0.294389129
480	21826	0.293213924
481	21848	0.292043411
482	21862	0.290877571
483	21868	0.289716384
484	21907	0.288559833
485	21928	0.2874079
486	21938	0.286260564
487	22078	0.285117809
488	22082	0.283979616
489	22091	0.282845966
490	22148	0.281716842
491	22188	0.280592225
492	22272	0.279472098
493	22300	0.278356442
494	22326	0.277245241
495	22389	0.276138475
496	22428	0.275036127
497	22430	0.27393818
498	22526	0.272844616
499	22536	0.271755417
500	22605	0.270670566
501	22612	0.269590047
502	22675	0.26851384
503	22718	0.26744193
504	22764	0.266374299
505	22766	0.26531093
506	22783	0.264251806
507	22899	0.26319691
508	22927	0.262146225
509	22952	0.261099735
510	23003	0.260057422
511	23036	0.25901927
512	23048	0.257985262
513	23203	0.256955382
514	23236	0.255929614
515	23239	0.25490794
516	23267	0.253890345
517	23283	0.252876812
518	23291	0.251867325
519	23316	0.250861868
520	23428	0.249860424
521	23563	0.248862979
522	23583	0.247869515
523	23646	0.246880018
524	23684	0.24589447
525	23772	0.244912857
526	23823	0.243935162
527	23941	0.24296137
528	23990	0.241991466
529	24045	0.241025433
530	24063	0.240063257
531	24107	0.239104922
532	24151	0.238150413
533	24248	0.237199714
534	24252	0.23625281
535	24293	0.235309686
536	24320	0.234370327
537	24347	0.233434718
538	24382	0.232502845
539	24385	0.231574691
540	24468	0.230650242
541	24476	0.229729484
542	24548	0.228812401
543	24719	0.22789898
544	24739	0.226989205
545	24759	0.226083061
546	24778	0.225180535
547	24821	0.224281612
548	24834	0.223386278
549	24844	0.222494517
550	24910	0.221606317
551	24959	0.220721662
552	24996	0.219840539
553	25033	0.218962933
554	25075	0.218088831
555	25097	0.217218218
556	25133	0.21635108
557	25146	0.215487404
558	25190	0.214627176
559	25247	0.213770382
560	25350	0.212917009
561	25417	0.212067042
562	25563	0.211220468
563	25598	0.210377274
564	25615	0.209537445
565	25628	0.20870097
566	25639	0.207867833
567	25688	0.207038022
568	25751	0.206211524
569	25800	0.205388326
570	25804	0.204568413
571	25846	0.203751774
572	25941	0.202938395
573	25943	0.202128263
574	25973	0.201321364
575	25983	0.200517687
576	26005	0.199717219
577	26052	0.198919945
578	26111	0.198125855
579	26134	0.197334934
580	26142	0.196547171
581	26147	0.195762553
582	26224	0.194981067
583	26229	0.1942027
584	26250	0.193427441
585	26341	0.192655276
586	26366	0.191886195
587	26453	0.191120183
588	26537	0.190357229
589	26570	0.189597321
590	26575	0.188840446
591	26628	0.188086593
592	26652	0.18733575
593	26796	0.186587903
594	26808	0.185843042
595	26883	0.185101155
596	26915	0.184362229
597	27017	0.183626253
598	27098	0.182893215
599	27122	0.182163104
600	27289	0.181435907
601	27525	0.180711613
602	27557	0.17999021
603	27629	0.179271687
604	27679	0.178556033
605	27820	0.177843235
606	27839	0.177133283
607	27943	0.176426165
608	28054	0.17572187
609	28178	0.175020386
610	28246	0.174321703
611	28295	0.173625809
612	28343	0.172932693
613	28360	0.172242344
614	28374	0.17155475
615	28482	0.170869902
616	28516	0.170187787
617	28693	0.169508396
618	28762	0.168831717
619	28827	0.168157739
620	28935	0.167486451
621	29032	0.166817843
622	29172	0.166151905
623	29186	0.165488625
624	29282	0.164827992
625	29332	0.164169997
626	29341	0.163514629
627	29449	0.162861877
628	29477	0.16221173
629	29600	0.161564179
630	29625	0.160919213
631	29644	0.160276822
632	29711	0.159636996
633	29736	0.158999723
634	29756	0.158364994
635	29886	0.1577328
636	29905	0.157103129
637	30045	0.156475971
638	30107	0.155851317
639	30128	0.155229157
640	30234	0.154609481
641	30249	0.153992278
642	30252	0.153377539
643	30257	0.152765255
644	30287	0.152155414
645	30310	0.151548008
646	30342	0.150943027
647	30363	0.150340461
648	30379	0.1497403
649	30379	0.149142535
650	30511	0.148547156
651	30517	0.147954155
652	30573	0.14736352
653	30591	0.146775243
654	30594	0.146189315
655	30619	0.145605726
656	30752	0.145024466
657	30772	0.144445527
658	30774	0.143868899
659	30841	0.143294573
660	30855	0.142722539
661	30867	0.142152789
662	31080	0.141585314
663	31109	0.141020104
664	31195	0.14045715
665	31247	0.139896443
666	31257	0.139337975
667	31277	0.138781737
668	31341	0.138227719
669	31365	0.137675912
670	31401	0.137126308
671	31515	0.136578899
672	31516	0.136033674
673	31605	0.135490626
674	31674	0.134949746
675	31689	0.134411025
676	31876	0.133874455
677	31917	0.133340027
678	32065	0.132807732
679	32106	0.132277562
680	32201	0.131749509
681	32225	0.131223563
682	32240	0.130699718
683	32372	0.130177963
684	32404	0.129658291
685	32441	0.129140694
686	32500	0.128625163
687	32507	0.12811169
688	32528	0.127600267
689	32546	0.127090885
690	32566	0.126583537
691	32571	0.126078214
692	32712	0.125574908
693	32834	0.125073612
694	32840	0.124574317
695	32865	0.124077015
696	32917	0.123581698
697	32978	0.123088359
698	33074	0.122596988
699	33211	0.12210758
700	33243	0.121620125
701	33259	0.121134616
702	33319	0.120651046
703	33323	0.120169405
704	33329	0.119689688
705	33393	0.119211885
706	33411	0.11873599
707	33417	0.118261995
708	33470	0.117789892
709	33673	0.117319673
710	33714	0.116851332
711	33752	0.11638486
712	33903	0.115920251
713	33954	0.115457496
714	34061	0.114996588
715	34274	0.114537521
716	34353	0.114080286
717	34373	0.113624876
718	34377	0.113171284
719	34384	0.112719503
720	34435	0.112269526
721	34475	0.111821345
722	34493	0.111374953
723	34510	0.110930343
724	34534	0.110487507
725	34770	0.11004644
726	34848	0.109607134
727	34886	0.109169581
728	34894	0.108733775
729	34924	0.108299708
730	34930	0.107867375
731	34949	0.107436767
732	35005	0.107007878
733	35018	0.106580702
734	35029	0.10615523
735	35138	0.105731457
736	35144	0.105309376
737	35264	0.10488898
738	35304	0.104470262
739	35327	0.104053216
740	35414	0.103637834
741	35467	0.103224111
742	35527	0.102812039
743	35539	0.102401612
744	35599	0.101992824
745	35670	0.101585668
746	35681	0.101180137
747	35756	0.100776224
748	35792	0.100373925
749	36098	0.099973231
750	36202	0.099574137
751	36209	0.099176636
752	36242	0.098780722
753	36299	0.098386388
754	36308	0.097993628
755	36330	0.097602437
756	36357	0.097212807
757	36377	0.096824732
758	36405	0.096438207
759	36408	0.096053224
760	36482	0.095669779
761	36486	0.095287864
762	36502	0.094907474
763	36502	0.094528602
764	36560	0.094151243
765	36656	0.09377539
766	36658	0.093401038
767	36830	0.09302818
768	36852	0.092656811
769	36852	0.092286924
770	36907	0.091918513
771	36993	0.091551574
772	37035	0.091186099
773	37045	0.090822083
774	37048	0.09045952
775	37066	0.090098405
776	37123	0.089738731
777	37124	0.089380493
778	37138	0.089023685
779	37153	0.088668302
780	37192	0.088314337
781	37206	0.087961785
782	37220	0.087610641
783	37375	0.087260898
784	37383	0.086912552
785	37395	0.086565596
786	37433	0.086220025
787	37542	0.085875834
788	37563	0.085533017
789	37640	0.085191568
790	37662	0.084851482
791	37731	0.084512754
792	37739	0.084175378
793	37791	0.083839349
794	37827	0.083504662
795	37850	0.08317131
796	37893	0.082839289
797	37915	0.082508594
798	37953	0.082179219
799	38144	0.081851159
800	38295	0.081524408
801	38303	0.081198962
802	38347	0.080874815
803	38428	0.080551961
804	38487	0.080230397
805	38507	0.079910117
806	38630	0.079591114
807	38684	0.079273386
808	38779	0.078956926
809	38784	0.078641729
810	38954	0.07832779
811	38992	0.078015105
812	38997	0.077703668
813	39058	0.077393474
814	39135	0.077084518
815	39159	0.076776796
816	39160	0.076470302
817	39304	0.076165032
818	39343	0.07586098
819	39426	0.075558143
820	39525	0.075256514
821	39630	0.074956089
822	39720	0.074656863
823	39768	0.074358832
824	39775	0.074061991
825	39810	0.073766335
826	39821	0.073471859
827	39857	0.073178558
828	40001	0.072886429
829	40041	0.072595465
830	40068	0.072305664
831	40204	0.072017019
832	40319	0.071729526
833	40377	0.071443181
834	40445	0.071157979
835	40461	0.070873915
836	40497	0.070590986
837	40629	0.070309186
838	40733	0.070028511
839	40822	0.069748956
840	40879	0.069470518
841	40939	0.069193191
842	40957	0.068916971
843	40997	0.068641854
844	41105	0.068367835
845	41274	0.068094909
846	41419	0.067823074
847	41421	0.067552323
848	41485	0.067282654
849	41496	0.067014061
850	41500	0.06674654
851	41505	0.066480087
852	41617	0.066214698
853	41686	0.065950368
854	41697	0.065687093
855	41758	0.06542487
856	41785	0.065163693
857	41976	0.064903559
858	41984	0.064644463
859	42069	0.064386402
860	42122	0.064129371
861	42150	0.063873366
862	42174	0.063618382
863	42270	0.063364417
864	42309	0.063111466
865	42355	0.062859524
866	42375	0.062608588
867	42510	0.062358654
868	42650	0.062109718
869	42663	0.061861775
870	42749	0.061614822
871	42867	0.061368855
872	42894	0.06112387
873	42921	0.060879863
874	42934	0.06063683
875	43022	0.060394767
876	43167	0.06015367
877	43182	0.059913536
878	43185	0.059674361
879	43211	0.05943614
880	43315	0.05919887
881	43345	0.058962548
882	43443	0.058727169
883	43510	0.058492729
884	43610	0.058259226
885	43636	0.058026654
886	43645	0.057795011
887	43789	0.057564293
888	43790	0.057334496
889	43800	0.057105616
890	43809	0.056877649
891	43848	0.056650593
892	43889	0.056424443
893	43902	0.056199196
894	44235	0.055974849
895	44464	0.055751397
896	44524	0.055528836
897	44603	0.055307165
898	44650	0.055086378
899	44663	0.054866472
900	44727	0.054647445
901	44736	0.054429292
902	44751	0.054212009
903	44917	0.053995594
904	45027	0.053780043
905	45154	0.053565353
906	45178	0.05335152
907	45197	0.05313854
908	45210	0.05292641
909	45260	0.052715127
910	45333	0.052504688
911	45346	0.052295089
912	45405	0.052086326
913	45417	0.051878397
914	45428	0.051671298
915	45437	0.051465025
916	45506	0.051259577
917	45549	0.051054948
918	45588	0.050851136
919	45602	0.050648138
920	45638	0.05044595
921	45638	0.050244569
922	45724	0.050043992
923	45726	0.049844216
924	45957	0.049645237
925	45992	0.049447053
926	46230	0.04924966
927	46249	0.049053055
928	46258	0.048857234
929	46299	0.048662196
930	46320	0.048467936
931	46335	0.048274451
932	46395	0.048081739
933	46397	0.047889796
934	46458	0.04769862
935	46483	0.047508206
936	46489	0.047318553
937	46489	0.047129657
938	46510	0.046941515
939	46533	0.046754124
940	46552	0.046567481
941	46562	0.046381583
942	46595	0.046196427
943	46597	0.04601201
944	46600	0.04582833
945	46747	0.045645383
946	46799	0.045463166
947	46856	0.045281677
948	46867	0.045100912
949	46880	0.044920868
950	46890	0.044741544
951	47027	0.044562935
952	47073	0.044385039
953	47081	0.044207854
954	47222	0.044031376
955	47302	0.043855602
956	47375	0.04368053
957	47402	0.043506157
958	47416	0.04333248
959	47437	0.043159496
960	47510	0.042987203
961	47575	0.042815597
962	47590	0.042644677
963	47769	0.042474439
964	47876	0.042304881
965	47879	0.042135999
966	47926	0.041967792
967	48027	0.041800256
968	48045	0.041633389
969	48086	0.041467188
970	48139	0.04130165
971	48176	0.041136774
972	48196	0.040972555
973	48268	0.040808992
974	48296	0.040646082
975	48336	0.040483823
976	48353	0.040322211
977	48353	0.040161244
978	48449	0.04000092
979	48453	0.039841236
980	48640	0.039682189
981	48678	0.039523778
982	48754	0.039365998
983	48855	0.039208849
984	48962	0.039052327
985	49063	0.038896429
986	49101	0.038741155
987	49101	0.038586499
988	49160	0.038432462
989	49177	0.038279039
990	49200	0.038126229
991	49227	0.037974028
992	49248	0.037822436
993	49275	0.037671448
994	49373	0.037521063
995	49404	0.037371279
996	49441	0.037222092
997	49455	0.037073501
998	49475	0.036925503
999	49512	0.036778096
1000	49533	0.036631278
1001	49655	0.036485045
1002	49736	0.036339397
1003	49778	0.036194329
1004	49867	0.036049841
1005	49909	0.03590593
1006	49924	0.035762593
1007	49953	0.035619828
1008	50084	0.035477634
1009	50103	0.035336007
1010	50113	0.035194945
1011	50200	0.035054446
1012	50210	0.034914509
1013	50275	0.034775129
1014	50448	0.034636307
1015	50454	0.034498038
1016	50459	0.034360322
1017	50505	0.034223155
1018	50526	0.034086536
1019	50540	0.033950462
1020	50554	0.033814931
1021	50616	0.033679942
1022	50698	0.033545491
1023	50758	0.033411577
1024	50814	0.033278198
1025	50858	0.033145351
1026	50900	0.033013034
1027	50909	0.032881246
1028	50982	0.032749984
1029	51104	0.032619245
1030	51146	0.032489029
1031	51265	0.032359332
1032	51305	0.032230154
1033	51450	0.03210149
1034	51491	0.031973341
1035	51518	0.031845703
1036	51531	0.031718575
1037	51650	0.031591954
1038	51651	0.031465838
1039	51779	0.031340226
1040	51832	0.031215116
1041	51868	0.031090505
1042	51950	0.030966391
1043	51979	0.030842773
1044	52008	0.030719648
1045	52023	0.030597015
1046	52260	0.030474872
1047	52358	0.030353216
1048	52414	0.030232045
1049	52414	0.030111359
1050	52459	0.029991154
1051	52550	0.029871429
1052	52635	0.029752182
1053	52888	0.029633411
1054	52891	0.029515114
1055	52972	0.029397289
1056	53011	0.029279935
1057	53031	0.029163049
1058	53090	0.02904663
1059	53202	0.028930675
1060	53266	0.028815184
1061	53296	0.028700153
1062	53330	0.028585582
1063	53335	0.028471468
1064	53548	0.028357809
1065	53589	0.028244605
1066	53672	0.028131852
1067	53674	0.028019549
1068	53690	0.027907695
1069	53697	0.027796287
1070	53784	0.027685324
1071	53968	0.027574804
1072	54002	0.027464725
1073	54056	0.027355086
1074	54202	0.027245884
1075	54281	0.027137118
1076	54297	0.027028786
1077	54397	0.026920887
1078	54467	0.026813419
1079	54486	0.026706379
1080	54489	0.026599767
1081	54509	0.026493581
1082	54546	0.026387818
1083	54567	0.026282477
1084	54599	0.026177557
1085	54613	0.026073056
1086	54665	0.025968972
1087	54669	0.025865304
1088	54670	0.02576205
1089	54786	0.025659207
1090	54808	0.025556775
1091	54846	0.025454752
1092	54858	0.025353137
1093	54972	0.025251927
1094	55043	0.025151121
1095	55141	0.025050717
1096	55174	0.024950715
1097	55239	0.024851111
1098	55314	0.024751905
1099	55511	0.024653095
1100	55548	0.02455468
1101	55599	0.024456657
1102	55690	0.024359026
1103	55819	0.024261785
1104	55843	0.024164931
1105	55856	0.024068465
1106	55876	0.023972383
1107	55903	0.023876685
1108	55947	0.023781369
1109	55947	0.023686434
1110	55953	0.023591877
1111	56008	0.023497698
1112	56019	0.023403895
1113	56042	0.023310466
1114	56086	0.023217411
1115	56129	0.023124727
1116	56137	0.023032412
1117	56147	0.022940467
1118	56172	0.022848888
1119	56229	0.022757675
1120	56369	0.022666826
1121	56391	0.02257634
1122	56460	0.022486215
1123	56517	0.02239645
1124	56561	0.022307043
1125	56652	0.022217993
1126	56794	0.022129299
1127	56819	0.022040958
1128	56841	0.02195297
1129	56899	0.021865334
1130	56904	0.021778047
1131	57014	0.021691109
1132	57107	0.021604518
1133	57123	0.021518273
1134	57231	0.021432371
1135	57260	0.021346813
1136	57261	0.021261596
1137	57335	0.02117672
1138	57372	0.021092182
1139	57422	0.021007982
1140	57500	0.020924118
1141	57570	0.020840589
1142	57590	0.020757393
1143	57597	0.020674529
1144	57646	0.020591996
1145	57668	0.020509793
1146	57707	0.020427917
1147	57721	0.020346369
1148	57883	0.020265146
1149	57945	0.020184247
1150	57974	0.020103671
1151	58038	0.020023417
1152	58043	0.019943484
1153	58077	0.019863869
1154	58184	0.019784572
1155	58263	0.019705592
1156	58446	0.019626927
1157	58452	0.019548576
1158	58477	0.019470538
1159	58498	0.019392812
1160	58503	0.019315395
1161	58528	0.019238288
1162	58535	0.019161489
1163	58551	0.019084996
1164	58581	0.019008808
1165	58751	0.018932925
1166	58774	0.018857344
1167	58782	0.018782066
1168	58903	0.018707087
1169	58990	0.018632409
1170	59002	0.018558028
1171	59039	0.018483944
1172	59043	0.018410156
1173	59044	0.018336662
1174	59044	0.018263462
1175	59077	0.018190554
1176	59085	0.018117937
1177	59191	0.01804561
1178	59201	0.017973572
1179	59285	0.017901821
1180	59292	0.017830357
1181	59296	0.017759178
1182	59371	0.017688283
1183	59372	0.017617671
1184	59538	0.017547342
1185	59665	0.017477292
1186	59693	0.017407523
1187	59701	0.017338032
1188	59811	0.017268818
1189	59821	0.017199881
1190	59832	0.017131219
1191	59856	0.017062831
1192	59879	0.016994716
1193	59916	0.016926873
1194	59940	0.0168593
1195	59966	0.016791998
1196	60060	0.016724964
1197	60093	0.016658198
1198	60165	0.016591698
1199	60179	0.016525464
1200	60193	0.016459494
1201	60223	0.016393788
1202	60234	0.016328343
1203	60243	0.016263161
1204	60254	0.016198238
1205	60290	0.016133574
1206	60324	0.016069169
1207	60392	0.016005021
1208	60439	0.015941128
1209	60470	0.015877491
1210	60472	0.015814108
1211	60528	0.015750978
1212	60547	0.0156881
1213	60591	0.015625473
1214	60602	0.015563096
1215	60631	0.015500968
1216	60689	0.015439088
1217	60753	0.015377455
1218	60848	0.015316068
1219	60924	0.015254926
1220	60947	0.015194028
1221	60960	0.015133373
1222	61082	0.015072961
1223	61091	0.015012789
1224	61142	0.014952858
1225	61145	0.014893166
1226	61208	0.014833712
1227	61335	0.014774496
1228	61442	0.014715516
1229	61481	0.014656772
1230	61520	0.014598262
1231	61600	0.014539985
1232	61654	0.014481942
1233	61696	0.014424129
1234	61828	0.014366548
1235	61877	0.014309197
1236	61893	0.014252074
1237	61924	0.01419518
1238	61937	0.014138513
1239	61999	0.014082071
1240	62006	0.014025856
1241	62114	0.013969864
1242	62298	0.013914096
1243	62363	0.013858551
1244	62464	0.013803228
1245	62569	0.013748125
1246	62577	0.013693242
1247	62697	0.013638579
1248	62699	0.013584134
1249	62837	0.013529906
1250	62882	0.013475894
1251	62885	0.013422098
1252	62973	0.013368517
1253	62980	0.01331515
1254	63110	0.013261995
1255	63223	0.013209053
1256	63276	0.013156323
1257	63500	0.013103803
1258	63598	0.013051492
1259	63639	0.01299939
1260	63643	0.012947497
1261	63662	0.01289581
1262	63707	0.01284433
1263	63730	0.012793055
1264	63820	0.012741985
1265	64000	0.012691119
1266	64014	0.012640456
1267	64014	0.012589995
1268	64050	0.012539736
1269	64066	0.012489677
1270	64210	0.012439818
1271	64240	0.012390158
1272	64352	0.012340697
1273	64407	0.012291432
1274	64415	0.012242365
1275	64471	0.012193493
1276	64474	0.012144817
1277	64549	0.012096334
1278	64553	0.012048046
1279	64554	0.01199995
1280	64650	0.011952046
1281	64818	0.011904333
1282	64880	0.011856811
1283	64936	0.011809478
1284	64940	0.011762335
1285	65113	0.011715379
1286	65214	0.011668612
1287	65279	0.01162203
1288	65279	0.011575635
1289	65410	0.011529425
1290	65670	0.011483399
1291	65769	0.011437558
1292	65771	0.011391899
1293	65784	0.011346422
1294	65822	0.011301127
1295	66064	0.011256013
1296	66111	0.011211079
1297	66154	0.011166324
1298	66156	0.011121748
1299	66162	0.01107735
1300	66266	0.011033129
1301	66275	0.010989084
1302	66276	0.010945216
1303	66361	0.010901523
1304	66363	0.010858004
1305	66368	0.010814658
1306	66466	0.010771486
1307	66584	0.010728486
1308	66602	0.010685658
1309	66616	0.010643001
1310	66637	0.010600514
1311	66639	0.010558196
1312	66742	0.010516048
1313	66759	0.010474068
1314	66880	0.010432255
1315	67067	0.010390609
1316	67126	0.01034913
1317	67187	0.010307816
1318	67270	0.010266667
1319	67277	0.010225683
1320	67297	0.010184862
1321	67386	0.010144204
1322	67389	0.010103708
1323	67536	0.010063374
1324	67540	0.010023201
1325	67561	0.009983188
1326	67562	0.009943335
1327	67644	0.009903641
1328	67744	0.009864105
1329	67828	0.009824728
1330	67879	0.009785507
1331	68131	0.009746444
1332	68144	0.009707536
1333	68144	0.009668783
1334	68145	0.009630185
1335	68273	0.009591741
1336	68296	0.009553451
1337	68333	0.009515314
1338	68451	0.009477328
1339	68515	0.009439495
1340	68645	0.009401812
1341	68681	0.00936428
1342	68689	0.009326898
1343	68721	0.009289665
1344	68748	0.00925258
1345	68764	0.009215644
1346	68788	0.009178855
1347	68795	0.009142213
1348	68803	0.009105717
1349	68809	0.009069367
1350	68835	0.009033162
1351	68872	0.008997101
1352	68881	0.008961185
1353	68909	0.008925412
1354	68912	0.008889781
1355	68965	0.008854293
1356	69018	0.008818947
1357	69181	0.008783742
1358	69246	0.008748677
1359	69344	0.008713752
1360	69346	0.008678967
1361	69353	0.00864432
1362	69380	0.008609812
1363	69533	0.008575441
1364	69545	0.008541208
1365	69552	0.008507111
1366	69559	0.008473151
1367	69675	0.008439326
1368	69687	0.008405636
1369	69742	0.008372081
1370	69779	0.008338659
1371	69786	0.008305371
1372	69806	0.008272216
1373	69963	0.008239193
1374	70136	0.008206303
1375	70137	0.008173543
1376	70184	0.008140914
1377	70219	0.008108415
1378	70287	0.008076047
1379	70328	0.008043807
1380	70395	0.008011696
1381	70496	0.007979713
1382	70512	0.007947858
1383	70513	0.00791613
1384	70514	0.007884529
1385	70517	0.007853054
1386	70589	0.007821704
1387	70712	0.00779048
1388	70794	0.00775938
1389	70959	0.007728405
1390	70970	0.007697553
1391	70999	0.007666824
1392	71079	0.007636218
1393	71157	0.007605734
1394	71203	0.007575372
1395	71295	0.007545131
1396	71301	0.007515011
1397	71353	0.007485011
1398	71392	0.007455131
1399	71410	0.00742537
1400	71411	0.007395727
1401	71568	0.007366204
1402	71602	0.007336798
1403	71752	0.007307509
1404	71802	0.007278337
1405	71824	0.007249282
1406	71842	0.007220343
1407	71843	0.007191519
1408	72026	0.007162811
1409	72139	0.007134217
1410	72178	0.007105737
1411	72218	0.007077371
1412	72347	0.007049118
1413	72353	0.007020978
1414	72369	0.00699295
1415	72425	0.006965034
1416	72452	0.006937229
1417	72477	0.006909536
1418	72483	0.006881953
1419	72548	0.00685448
1420	72556	0.006827117
1421	72579	0.006799863
1422	72714	0.006772718
1423	72928	0.006745681
1424	72951	0.006718752
1425	72958	0.006691931
1426	73091	0.006665217
1427	73105	0.006638609
1428	73170	0.006612108
1429	73179	0.006585712
1430	73283	0.006559422
1431	73309	0.006533237
1432	73319	0.006507156
1433	73347	0.006481179
1434	73478	0.006455306
1435	73479	0.006429537
1436	73528	0.00640387
1437	73667	0.006378305
1438	73696	0.006352843
1439	73731	0.006327483
1440	73737	0.006302223
1441	73793	0.006277065
1442	73809	0.006252007
1443	73841	0.006227048
1444	73849	0.00620219
1445	73882	0.006177431
1446	73979	0.00615277
1447	73990	0.006128209
1448	74029	0.006103745
1449	74121	0.006079378
1450	74285	0.006055109
1451	74305	0.006030937
1452	74465	0.006006862
1453	74476	0.005982882
1454	74547	0.005958999
1455	74579	0.00593521
1456	74591	0.005911517
1457	74603	0.005887918
1458	74608	0.005864413
1459	74708	0.005841003
1460	74720	0.005817685
1461	74790	0.005794461
1462	74793	0.005771329
1463	74910	0.00574829
1464	74950	0.005725343
1465	75061	0.005702487
1466	75179	0.005679723
1467	75204	0.005657049
1468	75236	0.005634466
1469	75264	0.005611974
1470	75274	0.005589571
1471	75321	0.005567257
1472	75365	0.005545032
1473	75390	0.005522897
1474	75470	0.005500849
1475	75507	0.00547889
1476	75633	0.005457018
1477	75665	0.005435233
1478	75695	0.005413536
1479	75838	0.005391925
1480	75880	0.0053704
1481	75880	0.005348962
1482	75882	0.005327609
1483	75887	0.005306341
1484	75898	0.005285158
1485	75946	0.005264059
1486	75974	0.005243045
1487	75977	0.005222115
1488	76013	0.005201268
1489	76022	0.005180505
1490	76031	0.005159824
1491	76032	0.005139226
1492	76039	0.00511871
1493	76131	0.005098276
1494	76132	0.005077924
1495	76150	0.005057653
1496	76161	0.005037462
1497	76339	0.005017353
1498	76384	0.004997323
1499	76490	0.004977374
1500	76556	0.004957504
1501	76594	0.004937714
1502	76600	0.004918003
1503	76649	0.00489837
1504	76659	0.004878815
1505	76717	0.004859339
1506	76762	0.004839941
1507	76793	0.00482062
1508	76860	0.004801376
1509	76951	0.004782208
1510	76998	0.004763118
1511	77056	0.004744103
1512	77248	0.004725165
1513	77311	0.004706302
1514	77329	0.004687514
1515	77457	0.004668802
1516	77463	0.004650164
1517	77473	0.0046316
1518	77502	0.004613111
1519	77503	0.004594695
1520	77509	0.004576353
1521	77532	0.004558084
1522	77581	0.004539889
1523	77594	0.004521765
1524	77668	0.004503714
1525	77766	0.004485735
1526	77783	0.004467828
1527	77818	0.004449993
1528	77867	0.004432228
1529	77893	0.004414535
1530	77953	0.004396912
1531	78003	0.004379359
1532	78004	0.004361877
1533	78047	0.004344464
1534	78061	0.004327121
1535	78104	0.004309847
1536	78140	0.004292642
1537	78228	0.004275506
1538	78345	0.004258438
1539	78395	0.004241438
1540	78437	0.004224507
1541	78450	0.004207642
1542	78499	0.004190845
1543	78533	0.004174115
1544	78597	0.004157452
1545	78629	0.004140856
1546	78746	0.004124325
1547	78824	0.004107861
1548	78859	0.004091462
1549	78883	0.004075129
1550	78905	0.004058861
1551	78912	0.004042658
1552	78977	0.00402652
1553	78998	0.004010446
1554	79086	0.003994436
1555	79086	0.00397849
1556	79187	0.003962608
1557	79216	0.003946789
1558	79231	0.003931034
1559	79501	0.003915341
1560	79524	0.003899711
1561	79537	0.003884143
1562	79556	0.003868638
1563	79618	0.003853194
1564	79703	0.003837812
1565	79708	0.003822492
1566	79752	0.003807232
1567	79756	0.003792034
1568	79759	0.003776896
1569	79789	0.003761818
1570	79822	0.003746801
1571	79831	0.003731844
1572	79832	0.003716946
1573	79858	0.003702108
1574	79876	0.003687329
1575	79919	0.00367261
1576	79953	0.003657948
1577	80002	0.003643346
1578	80078	0.003628802
1579	80144	0.003614315
1580	80146	0.003599887
1581	80231	0.003585516
1582	80343	0.003571203
1583	80393	0.003556947
1584	80430	0.003542747
1585	80602	0.003528604
1586	80646	0.003514518
1587	80764	0.003500488
1588	80768	0.003486514
1589	80826	0.003472596
1590	80841	0.003458733
1591	80859	0.003444926
1592	80887	0.003431174
1593	80897	0.003417477
1594	81030	0.003403834
1595	81073	0.003390246
1596	81104	0.003376712
1597	81124	0.003363232
1598	81139	0.003349806
1599	81273	0.003336434
1600	81321	0.003323115
1601	81359	0.003309849
1602	81370	0.003296636
1603	81455	0.003283475
1604	81460	0.003270368
1605	81535	0.003257312
1606	81544	0.003244309
1607	81630	0.003231358
1608	81657	0.003218458
1609	81699	0.00320561
1610	81705	0.003192813
1611	81895	0.003180068
1612	82029	0.003167373
1613	82034	0.003154729
1614	82097	0.003142135
1615	82114	0.003129591
1616	82123	0.003117098
1617	82226	0.003104655
1618	82310	0.003092261
1619	82394	0.003079916
1620	82491	0.003067621
1621	82519	0.003055375
1622	82535	0.003043178
1623	82627	0.00303103
1624	82676	0.00301893
1625	82688	0.003006878
1626	82692	0.002994875
1627	82734	0.002982919
1628	82766	0.002971011
1629	82835	0.002959151
1630	82894	0.002947338
1631	83029	0.002935572
1632	83030	0.002923854
1633	83163	0.002912182
1634	83248	0.002900556
1635	83288	0.002888977
1636	83327	0.002877444
1637	83331	0.002865957
1638	83410	0.002854516
1639	83463	0.002843121
1640	83705	0.002831771
1641	83732	0.002820467
1642	83810	0.002809208
1643	83812	0.002797993
1644	83869	0.002786824
1645	83897	0.002775699
1646	83985	0.002764618
1647	83989	0.002753582
1648	84057	0.002742589
1649	84144	0.002731641
1650	84246	0.002720736
1651	84269	0.002709875
1652	84292	0.002699057
1653	84315	0.002688282
1654	84337	0.002677551
1655	84339	0.002666862
1656	84344	0.002656216
1657	84379	0.002645612
1658	84405	0.002635051
1659	84417	0.002624532
1660	84428	0.002614054
1661	84516	0.002603619
1662	84543	0.002593225
1663	84549	0.002582873
1664	84564	0.002572562
1665	84566	0.002562293
1666	84738	0.002552064
1667	84738	0.002541876
1668	84772	0.002531729
1669	84834	0.002521622
1670	84860	0.002511556
1671	84904	0.00250153
1672	84920	0.002491544
1673	84952	0.002481597
1674	84963	0.002471691
1675	85098	0.002461824
1676	85155	0.002451996
1677	85168	0.002442208
1678	85177	0.002432458
1679	85217	0.002422748
1680	85282	0.002413076
1681	85293	0.002403443
1682	85301	0.002393849
1683	85397	0.002384293
1684	85399	0.002374774
1685	85423	0.002365294
1686	85465	0.002355852
1687	85672	0.002346447
1688	85729	0.00233708
1689	85772	0.002327751
1690	85859	0.002318458
1691	85877	0.002309203
1692	85983	0.002299985
1693	86003	0.002290803
1694	86008	0.002281658
1695	86019	0.00227255
1696	86041	0.002263478
1697	86064	0.002254442
1698	86109	0.002245442
1699	86172	0.002236478
1700	86173	0.00222755
1701	86204	0.002218658
1702	86230	0.002209801
1703	86234	0.002200979
1704	86270	0.002192193
1705	86283	0.002183442
1706	86389	0.002174726
1707	86416	0.002166044
1708	86420	0.002157397
1709	86444	0.002148785
1710	86471	0.002140207
1711	86618	0.002131663
1712	86627	0.002123153
1713	86643	0.002114678
1714	86694	0.002106236
1715	86694	0.002097828
1716	86844	0.002089453
1717	86865	0.002081112
1718	86897	0.002072804
1719	86938	0.00206453
1720	87061	0.002056288
1721	87148	0.002048079
1722	87165	0.002039903
1723	87175	0.00203176
1724	87188	0.002023649
1725	87304	0.002015571
1726	87313	0.002007525
1727	87428	0.001999511
1728	87449	0.001991529
1729	87490	0.001983578
1730	87535	0.00197566
1731	87556	0.001967773
1732	87564	0.001959918
1733	87710	0.001952094
1734	87749	0.001944301
1735	87869	0.001936539
1736	87964	0.001928809
1737	87967	0.001921109
1738	87980	0.00191344
1739	87985	0.001905801
1740	88032	0.001898193
1741	88035	0.001890616
1742	88082	0.001883068
1743	88162	0.001875551
1744	88174	0.001868064
1745	88219	0.001860606
1746	88252	0.001853179
1747	88365	0.001845781
1748	88379	0.001838413
1749	88422	0.001831074
1750	88476	0.001823764
1751	88526	0.001816483
1752	88593	0.001809232
1753	88723	0.00180201
1754	88751	0.001794816
1755	88800	0.001787651
1756	88852	0.001780515
1757	88865	0.001773407
1758	88910	0.001766327
1759	88956	0.001759276
1760	89039	0.001752253
1761	89084	0.001745258
1762	89104	0.001738291
1763	89189	0.001731352
1764	89360	0.00172444
1765	89537	0.001717556
1766	89542	0.0017107
1767	89587	0.001703871
1768	89723	0.001697069
1769	89754	0.001690294
1770	89799	0.001683546
1771	89931	0.001676826
1772	89932	0.001670132
1773	89957	0.001663464
1774	89958	0.001656824
1775	90222	0.00165021
1776	90232	0.001643622
1777	90236	0.001637061
1778	90263	0.001630526
1779	90276	0.001624017
1780	90290	0.001617534
1781	90322	0.001611076
1782	90526	0.001604645
1783	90528	0.001598239
1784	90614	0.001591859
1785	90710	0.001585504
1786	90926	0.001579175
1787	91078	0.001572871
1788	91097	0.001566592
1789	91189	0.001560338
1790	91191	0.001554109
1791	91283	0.001547905
1792	91340	0.001541726
1793	91350	0.001535571
1794	91421	0.001529441
1795	91422	0.001523336
1796	91432	0.001517255
1797	91482	0.001511198
1798	91513	0.001505165
1799	91517	0.001499156
1800	91538	0.001493172
1801	91586	0.001487211
1802	91586	0.001481274
1803	91683	0.001475361
1804	91875	0.001469471
1805	91879	0.001463605
1806	91989	0.001457762
1807	92019	0.001451943
1808	92023	0.001446147
1809	92044	0.001440374
1810	92125	0.001434624
1811	92163	0.001428896
1812	92221	0.001423192
1813	92296	0.001417511
1814	92387	0.001411852
1815	92388	0.001406216
1816	92423	0.001400602
1817	92465	0.001395011
1818	92536	0.001389442
1819	92560	0.001383896
1820	92562	0.001378371
1821	92598	0.001372869
1822	92630	0.001367388
1823	92662	0.00136193
1824	92696	0.001356493
1825	92724	0.001351078
1826	92889	0.001345684
1827	92938	0.001340312
1828	93038	0.001334962
1829	93067	0.001329632
1830	93085	0.001324324
1831	93119	0.001319038
1832	93130	0.001313772
1833	93149	0.001308528
1834	93172	0.001303304
1835	93251	0.001298101
1836	93300	0.001292919
1837	93308	0.001287758
1838	93463	0.001282617
1839	93520	0.001277497
1840	93652	0.001272397
1841	93659	0.001267317
1842	93715	0.001262258
1843	93773	0.001257219
1844	93837	0.001252201
1845	93845	0.001247202
1846	93855	0.001242223
1847	93875	0.001237264
1848	93875	0.001232325
1849	93942	0.001227405
1850	93972	0.001222506
1851	93975	0.001217625
1852	94003	0.001212764
1853	94140	0.001207923
1854	94204	0.001203101
1855	94229	0.001198298
1856	94230	0.001193515
1857	94251	0.00118875
1858	94352	0.001184005
1859	94391	0.001179278
1860	94444	0.00117457
1861	94447	0.001169881
1862	94524	0.001165211
1863	94536	0.00116056
1864	94601	0.001155927
1865	94622	0.001151312
1866	94648	0.001146716
1867	94705	0.001142139
1868	94721	0.001137579
1869	94725	0.001133038
1870	94731	0.001128515
1871	94789	0.00112401
1872	94869	0.001119523
1873	94885	0.001115054
1874	94887	0.001110602
1875	94892	0.001106169
1876	94894	0.001101753
1877	95086	0.001097355
1878	95090	0.001092974
1879	95117	0.001088611
1880	95167	0.001084265
1881	95177	0.001079937
1882	95188	0.001075626
1883	95199	0.001071332
1884	95203	0.001067055
1885	95270	0.001062795
1886	95336	0.001058553
1887	95359	0.001054327
1888	95376	0.001050118
1889	95449	0.001045926
1890	95470	0.00104175
1891	95481	0.001037592
1892	95496	0.00103345
1893	95506	0.001029324
1894	95516	0.001025215
1895	95552	0.001021122
1896	95556	0.001017046
1897	95585	0.001012986
1898	95601	0.001008942
1899	95653	0.001004914
1900	95663	0.001000903
1901	95692	0.000996907
1902	95748	0.000992928
1903	95754	0.000988964
1904	95757	0.000985016
1905	95771	0.000981084
1906	95817	0.000977167
1907	95845	0.000973266
1908	95949	0.000969381
1909	95979	0.000965511
1910	95989	0.000961657
1911	96118	0.000957818
1912	96155	0.000953994
1913	96208	0.000950186
1914	96261	0.000946393
1915	96283	0.000942615
1916	96330	0.000938852
1917	96371	0.000935104
1918	96418	0.000931371
1919	96446	0.000927653
1920	96488	0.00092395
1921	96557	0.000920261
1922	96589	0.000916588
1923	96609	0.000912929
1924	96621	0.000909284
1925	96656	0.000905654
1926	96709	0.000902039
1927	96736	0.000898438
1928	96794	0.000894851
1929	96860	0.000891279
1930	96919	0.000887721
1931	96982	0.000884177
1932	96982	0.000880648
1933	97009	0.000877132
1934	97116	0.000873631
1935	97185	0.000870143
1936	97206	0.00086667
1937	97236	0.00086321
1938	97332	0.000859764
1939	97377	0.000856332
1940	97399	0.000852913
1941	97443	0.000849508
1942	97460	0.000846117
1943	97534	0.000842739
1944	97576	0.000839375
1945	97637	0.000836024
1946	97644	0.000832687
1947	97734	0.000829363
1948	97736	0.000826052
1949	97761	0.000822754
1950	97762	0.00081947
1951	97783	0.000816199
1952	97824	0.00081294
1953	97863	0.000809695
1954	97865	0.000806463
1955	97870	0.000803243
1956	97918	0.000800037
1957	97919	0.000796843